
=================================================================
Statistic               N     Mean    St. Dev.    Min      Max   
-----------------------------------------------------------------
Distance.to.water     2,791   0.699    15.071    0.000   326.259 
Distance.to.road      2,791  530.104   558.253   0.000  3,109.837
Existing.vegetation   2,791   3.942     2.457    1.000   18.000  
Fire.Interval         2,625  16.214     4.765    1.574   55.000  
Altitude              2,791 1,727.872  360.838  396.593 2,370.091
Burn.intensity.soil   2,791   1.714     1.670    0.000    5.000  
Burn.intensity.Canopy 2,791   1.985     2.061    0.000    6.000  
Burn.intensity.basal  2,791   2.685     2.845    0.000    8.000  
Fire.edge             2,791 2,203.709 1,726.534  0.000  9,612.572
-----------------------------------------------------------------
